,Canada,Lithuania,Switzerland,Argentina,Ghana,Saudi.Arabia,Slovenia,Spain,Oman,New.Zealand,United.Arab.Emirates,Uruguay,India,Kenya,Turkey,Hungary,France,Norway,China,Finland,Sweden,Bulgaria,Romania,South.Africa,Cyprus,Qatar,Malaysia,Austria,Japan,Brazil,Costa.Rica,Luxembourg,Ireland,Pakistan,Nigeria,Ecuador,Czech.Republic,Brunei,Australia,Iran,Chile,Belgium,Thailand,Georgia,Poland,Portugal,Estonia,Lebanon,South.Korea,Taiwan,Italy,USA,Netherlands,Israel,Indonesia,Germany,Denmark,Sri.Lanka,Mexico,Egypt,Singapore,Serbia,United.Kingdom,Greece,Russia,Yemen,Kazakhstan,Kuwait,Tanzania,Slovakia,Algeria,Tunisia,Colombia,Nepal,Cameroon,Vietnam,Venezuela,Iraq,Botswana,Bangladesh,Zimbabwe,Philippines,Croatia,Ukraine,Jordan,Mauritius,Ethiopia,Uganda,Iceland,Latvia,Bosnia.and.Herzegovina,Morocco,Malta,Senegal,Papua.New.Guinea,Albania,Peru,Bahrain,Macedonia,Cambodia,Jamaica,Belarus,Zambia,Malawi,Kyrgyzstan,Trinidad.and.Tobago,Armenia,Sudan,Syria,Cuba,Moldova,NamibiaCanada,1614.133699,6697,6125,8987,8498,10352,6592,5712,11105,14456,10796,9041,11401,11820,8225,6812,5687,5634,10544,6278,6009,7417,7446,13011,8585,10479,14623,6577,10382,7282,4009,5845,4907,10733,8665,5042,6342,14371,16084,9611,8725,5712,13500,8818,6599,5419,6331,8878,10568,11992,6793,731,5645,8926,15629,6162,5936,13789,3591,8864,14850,7097,5401,7738,7215,10981,9822,9976,12420,6628,6441,6956,4521,11729,9536,13764,4007,9410,12759,12272,12633,13192,6747,7245,9074,14910,11120,11405,3876,6494,7040,5896,7284,6426,14256,7265,6374,10435,7306,13735,3039,6877,12286,12537,9853,4087,8805,10185,8932,2536,7380,11933Lithuania,6697,130.5216866,1562,12638,5907,3777,1189,2671,4408,17317,4113,12506,5056,6211,1753,898,1739,1063,6638,662,717,1343,1116,8798,2203,3817,8831,927,8279,10298,10345,1404,2087,4363,5696,10905,875,9542,15223,2915,13294,1505,7852,2122,367,3161,556,2461,7418,8161,1728,7320,1394,2562,9983,831,844,7197,10284,2715,9150,1167,1734,1791,791,4631,3895,3325,6808,888,2643,2320,10207,5652,5807,8461,9260,2769,8681,6327,7924,9093,1208,562,2686,8788,5144,6039,2833,241,1323,3440,2195,5799,12853,1503,11893,3768,1373,8313,9165,180,7686,7504,3796,8838,2110,4380,2486,9021,820,8492Switzerland,6125,1562,103.7994586,11076,4614,4282,553,1116,5222,18851,4847,10944,6306,5980,2214,909,438,1462,8199,1926,1603,1351,1492,8187,2500,4494,10093,713,9807,8742,9317,415,1247,5638,4467,9678,687,10956,16593,3867,11756,495,9198,3086,1201,1623,1844,2790,8975,9711,703,6629,684,2821,11215,799,1060,8168,9652,2739,10419,1056,761,1616,2337,4857,5357,3997,6606,774,1170,1136,8973,6984,4797,9849,7994,3447,8020,7667,7413,10606,683,1767,2970,8920,5085,5678,2669,1609,944,1880,1292,4248,14406,1148,10531,4461,1218,9686,8130,1650,7120,7087,5229,7511,3063,4178,2853,8147,1641,7634Argentina,8987,12638,11076,851.777741,7519,12819,11507,9968,13826,10039,13510,215,15778,10428,12400,11868,10938,12135,19275,12879,12486,11859,12167,8204,12229,13289,15990,11749,18323,2370,5593,11271,10905,15554,7860,4321,11763,16646,11806,13737,1131,11195,16855,13383,12276,9491,12826,12305,19402,18999,11064,8318,11364,12193,15291,11834,11970,14719,7341,11793,15901,11780,11052,11647,13408,12080,16070,13169,10339,11800,10065,10551,4604,16476,8373,17011,4980,13040,8057,16757,8905,17783,11544,12759,12242,10970,11216,10095,11365,12660,11585,9204,10845,6881,14495,11554,3081,13322,11726,16940,6099,12720,8805,9387,15862,4976,13354,11035,12372,6837,12504,7381Ghana,8498,5907,4614,7519,249.4900639,5411,4756,3908,6552,15969,6168,7325,8480,4126,5008,5009,4787,6073,11844,6455,6191,4708,5021,4523,4759,5883,11242,5016,13870,5721,9286,4999,5365,8099,367,8746,5174,12655,15398,6218,8549,5020,10986,5913,5567,3789,6357,4801,12785,12863,4193,8540,5239,4683,11897,5365,5667,8803,10786,4283,11503,4771,5112,4365,6486,4930,8564,5682,4518,5041,3461,3599,8226,9269,1275,11688,7409,5520,4276,9815,4184,13144,4707,5747,4726,6867,4267,3631,6783,6057,4595,3200,3725,2178,16356,4457,8732,5905,4617,11483,8456,5895,3840,4212,8349,6789,5886,3720,4865,9016,5408,3531Saudi.Arabia,10352,3777,4282,12819,5411,748.9633476,3777,5003,1194,14864,778,12611,3069,2989,2128,3540,4712,4807,6629,4344,4494,2948,2907,5810,1782,474,6319,3776,8752,11123,13477,4518,5456,2735,5049,13542,4011,7551,12577,1306,13907,4653,5749,1790,3794,5468,4260,1492,7588,7459,3683,10899,4709,1470,7303,4196,4446,4046,13922,1669,6633,3264,4966,2684,3530,1040,3481,562,3446,3725,4382,3745,12871,3859,4447,6469,11889,1026,5797,4431,4883,7787,3625,3216,1323,5037,1884,3084,6572,4009,3341,5277,3350,6794,11469,3136,13958,504,3069,6269,12316,3605,4778,4369,3251,11312,1788,1787,1430,12414,3009,6040Slovenia,6592,1189,553,11507,4756,3777,72.72764438,1612,4685,18330,4315,11366,5757,5666,1680,375,949,1478,7771,1699,1467,829,941,8020,1997,3967,9542,264,9463,9197,9862,747,1686,5092,4568,10230,446,10421,16043,3316,12232,880,8654,2534,827,2133,1601,2290,8579,9247,566,7122,971,2334,10663,676,1017,7624,10146,2300,9867,517,1192,1166,1909,4410,4846,3467,6288,302,1461,1158,9526,6440,4778,9310,8546,2912,7870,7124,7204,10107,155,1268,2482,8526,4711,5403,2982,1307,453,2310,1130,4637,13937,695,11073,3932,714,9145,8674,1230,6929,6842,4710,8060,2510,3833,2347,8674,1100,7563Spain,5712,2671,1116,9968,3908,5003,1612,363.3474821,6057,19835,5655,9840,7323,6137,3106,1987,1012,2344,9307,2965,2600,2264,2487,7958,3284,5291,11078,1819,10857,7628,8483,1325,1457,6673,3842,8715,1798,12019,17555,4813,10640,1278,10236,4072,2314,523,2896,3550,10066,10827,1382,6105,1482,3544,12171,1870,2052,9013,9071,3350,11404,2035,1258,2361,3452,5385,6458,4817,6752,1877,731,1286,8014,8029,4382,10904,7025,4304,7757,8712,7292,11715,1699,2872,3688,9206,5415,5757,2910,2697,1868,822,1663,3186,15521,1981,9486,5267,2113,10734,7314,2765,6969,7051,6323,6509,4046,4479,3623,7440,2708,7227Oman,11105,4408,5222,13826,6552,1194,4685,6057,284.1861926,13823,422,13613,1967,3556,3008,4392,5633,5471,5687,4868,5104,3873,3756,6256,2773,784,5145,4629,7804,12273,14529,5395,6309,1806,6186,14700,4836,6358,11501,1501,14943,5531,4556,2287,4518,6545,4803,2509,6631,6355,4693,11715,5547,2529,6161,4986,5181,2959,14692,2802,5463,4170,5840,3697,3956,1747,2808,1240,3848,4572,5482,4839,14018,2733,5515,5276,13030,1775,6299,3265,5366,6614,4542,3861,2394,4787,2625,3797,7237,4615,4283,6404,4440,7987,10275,4111,15151,797,4012,5076,13347,4228,5341,4840,2593,12466,2300,2850,2435,13350,3750,6712New.Zealand,14456,17317,18851,10039,15969,14864,18330,19835,13823,264.3047352,14221,10162,12592,13699,16789,17957,19020,17712,10691,17060,17435,17641,17431,11886,16595,14584,8826,18139,9180,12388,11648,18694,18666,13248,16024,11392,18183,7910,2334,15087,9390,18757,9684,15838,17667,19527,17124,16325,9948,9156,18511,14058,18564,16327,7725,18132,17976,10864,11086,16511,8499,17883,18817,17519,16530,14465,13495,15062,13084,18079,19105,18564,12094,11895,15468,9022,13082,15582,12088,11211,12547,8246,18232,17084,16182,10631,14424,14078,17235,17306,18043,19109,18194,16777,4465,17915,10596,14610,17790,9189,12821,17214,12871,12786,13624,13590,15864,15361,16253,12707,17229,12627United.Arab.Emirates,10796,4113,4847,13510,6168,778,4315,5655,422,14221,147.6983983,13300,2320,3375,2635,4036,5264,5172,5972,4608,4819,3496,3397,6140,2375,366,5567,4274,8096,11887,14135,5036,5959,2063,5805,14281,4489,6778,11905,1262,14616,5173,4973,1998,4197,6139,4536,2105,6925,6716,4299,11388,5199,2118,6577,4649,4860,3358,14387,2382,5885,3799,5484,3299,3718,1472,2959,850,3729,4218,5070,4428,13600,3102,5163,5693,12613,1406,6163,3659,5232,7013,4170,3557,1981,4909,2369,3568,6945,4328,3904,5988,4030,7569,10694,3723,14734,389,3631,5493,12958,3934,5178,4706,2734,12046,2007,2490,2032,12989,3419,6515Uruguay,9041,12506,10944,215,7325,12611,11366,9840,13613,10162,13300,214.437258,15564,10213,12225,11724,10818,12032,19132,12766,12375,11698,12009,7999,12046,13081,15857,11610,18536,2277,5720,11149,10809,15346,7664,4448,11631,16582,11883,13541,1346,11077,16689,13201,12143,9369,12710,12116,19565,18972,10914,8382,11249,12003,15200,11708,11854,14523,7492,11603,15782,11628,10942,11478,13271,11867,15883,12966,10126,11661,9918,10393,4702,16261,8167,16880,5036,12845,7850,16547,8695,17760,11399,12612,12050,10783,11002,9881,11314,12535,11432,9068,10682,6733,14607,11396,3234,13115,11567,16799,6187,12584,8593,9175,15672,5003,13173,10826,12182,6937,12350,7169India,11401,5056,6306,15778,8480,3069,5757,7323,1967,12592,2320,15564,926.1676519,5392,4252,5399,6648,6037,3780,5275,5621,5062,4839,7893,4204,2598,3794,5613,5874,14187,15328,6345,7140,696,8118,15956,5748,4731,10287,2558,16903,6472,2920,3252,5299,7843,5251,4015,4704,4397,5953,12106,6413,4086,4936,5822,5899,2455,14703,4445,4118,5291,6747,5050,4360,3705,1663,2858,5566,5551,6888,6264,15255,795,7478,3610,14290,3193,7983,1430,7071,4758,5645,4618,3986,5748,4562,5694,7640,5192,5455,7846,5880,9732,8563,5356,16796,2578,5213,3429,14178,4891,7107,6556,1576,13817,3278,4808,3937,13906,4670,8520Kenya,11820,6211,5980,10428,4126,2989,5666,6137,3556,13699,3375,10213,5392,389.1572488,4478,5613,6392,7062,9171,6863,6875,4978,5119,2822,4023,3331,7216,5800,11247,9381,13411,6355,7213,5358,3799,12816,6058,8663,11946,4293,11559,6465,7186,4639,6077,6402,6761,3794,10085,9530,5277,12116,6613,3677,7779,6291,6617,4836,14797,3498,7449,5269,6740,4543,6236,1959,6333,3542,626,5773,5407,4963,12336,6049,2851,7826,11535,3865,2811,6385,1894,9401,5521,5709,3572,3096,1133,496,8637,6451,5233,5936,4700,6208,12230,4985,12562,3386,5024,7628,12533,6074,1804,1385,6109,10914,4628,1845,3788,13009,5394,3156Turkey,8225,1753,2214,12400,5008,2128,1680,3106,3008,16789,2635,12225,4252,4478,452.6935127,1415,2628,2718,6915,2391,2452,866,779,7146,456,2289,7974,1652,8871,10259,11528,2406,3338,3637,4715,11821,1883,8982,14456,1710,13304,2542,7171,1033,1695,3617,2291,710,7825,8189,1725,8782,2584,809,9066,2069,2331,5957,11801,1020,8300,1163,2855,806,1812,2894,3697,1787,5065,1599,2636,2018,11120,4995,4546,7861,10131,1233,7053,5669,6246,8866,1535,1231,934,7061,3395,4341,4462,1994,1277,3594,1647,5631,12740,1126,12544,2252,1009,7681,10342,1603,6034,5801,3510,9611,1004,2673,742,10353,936,6984Hungary,6812,898,909,11868,5009,3540,375,1987,4392,17957,4036,11724,5399,5613,1415,155.8059925,1265,1452,7411,1487,1334,644,639,8067,1783,3696,9188,238,9132,9566,10177,1003,1925,4730,4800,10578,476,10050,15685,2989,12604,1139,8289,2196,572,2507,1382,2074,8230,8877,841,7368,1170,2136,10316,689,1004,7314,10387,2164,9514,346,1449,1071,1563,4241,4471,3192,6229,185,1808,1426,9874,6074,4941,8941,8897,2630,7931,6758,7224,9731,328,897,2281,8391,4612,5383,3100,1063,444,2680,1303,4992,13565,665,11440,3657,591,8777,8988,903,6964,6838,4336,8419,2174,3769,2124,8958,732,7678France,5687,1739,438,10938,4787,4712,949,1012,5633,19020,5264,10818,6648,6392,2628,1265,378.5238317,1340,8337,1960,1589,1771,1884,8533,2930,4915,10441,1039,9846,8583,8918,336,822,5970,4672,9320,911,11249,16920,4252,11558,266,9517,3460,1409,1449,1896,3221,9073,9887,1127,6194,474,3255,11574,909,1044,8570,9217,3177,10766,1465,365,2053,2530,5294,5616,4415,7017,1100,1335,1478,8615,7303,5077,10152,7643,3861,8356,7985,7781,10831,1094,2050,3404,9350,5513,6077,2285,1726,1371,1833,1692,4198,14569,1583,10218,4880,1644,9995,7729,1861,7481,7470,5503,7179,3438,4601,3282,7726,1982,7929Norway,5634,1063,1462,12135,6073,4807,1478,2344,5471,17712,5172,12032,6037,7062,2718,1452,1340,317.0322068,7146,803,419,2085,1977,9493,3145,4870,9771,1286,8540,9765,9323,1078,1246,5341,5928,9951,1039,10361,15986,3977,12643,1081,8747,3185,1023,2731,798,3424,7823,8746,2007,6260,866,3508,10928,803,462,8242,9221,3591,10083,1797,1114,2522,1677,5611,4742,4374,7676,1303,2617,2556,9262,6582,6225,9316,8341,3813,9347,7243,8666,9775,1598,1615,3644,9778,6046,6834,1774,868,1859,3166,2601,5515,13363,2101,11013,4823,2042,9183,8151,1243,8398,8287,4677,7962,3172,5217,3460,7975,1800,9034China,10544,6638,8199,19275,11844,6629,7771,9307,5687,10691,5972,19132,3780,9171,6915,7411,8337,7146,1579.67485,6399,6792,7434,7124,11562,7105,6166,4275,7529,2125,16911,14149,8005,8379,3910,11512,15399,7513,3849,8901,5641,19083,8080,3283,5949,6999,9784,6450,7045,959,1645,8219,11236,7912,7161,5110,7441,7306,5176,12518,7561,4417,7505,8225,7658,5869,7429,3280,6245,9320,7477,9216,8739,15021,3159,11053,3290,14530,6333,11683,3017,10799,2819,7736,6522,7119,8958,8311,9468,7966,6615,7701,10073,8451,12401,6234,7737,16718,6128,7565,3316,13511,6556,10863,10297,3497,14467,5977,8416,6980,12816,6782,12285Finland,6278,662,1926,12879,6455,4344,1699,2965,4868,17060,4608,12766,5275,6863,2391,1487,1960,803,6399,297.167053,400,1997,1778,9460,2845,4337,8983,1442,7895,10513,10064,1640,2038,4580,6265,10733,1288,9559,15193,3368,13428,1697,7950,2614,916,3407,108,3093,7114,7980,2264,6934,1517,3200,10141,1128,916,7540,9838,3371,9293,1794,1827,2448,939,5239,3943,3860,7455,1422,3083,2857,10049,5796,6428,8514,9136,3322,9343,6452,8586,8988,1760,1164,3318,9378,5786,6698,2408,437,1930,3775,2786,6148,12631,2132,11812,4284,2015,8383,8904,790,8348,8163,3883,8764,2607,5037,3113,8686,1470,9143Sweden,6009,717,1603,12486,6191,4494,1467,2600,5104,17435,4819,12375,5621,6875,2452,1334,1589,419,6792,400,341.6884853,1921,1757,9394,2895,4529,9352,1229,8257,10119,9733,1281,1639,4925,6020,10369,1027,9952,15592,3605,13027,1323,8330,2823,803,3027,381,3162,7498,8378,2029,6647,1132,3256,10509,826,552,7842,9589,3381,9665,1670,1433,2372,1261,5340,4326,4039,7480,1225,2773,2611,9680,6163,6243,8902,8760,3485,9262,6824,8541,9388,1556,1279,3386,9502,5827,6677,2135,491,1773,3417,2590,5786,13023,1999,11429,4479,1908,8768,8565,891,8288,8140,4259,8377,2812,5034,3191,8376,1516,9007Bulgaria,7417,1343,1351,11859,4708,2948,829,2264,3873,17641,3496,11698,5062,4978,866,644,1771,2085,7434,1997,1921,170.1900384,317,7478,1169,3144,8815,859,9275,9625,10661,1573,2511,4422,4462,10972,1114,9776,15310,2554,12683,1707,7979,1810,1119,2782,1890,1462,8301,8812,893,7952,1777,1511,9918,1333,1645,6824,10975,1520,9142,321,2020,453,1782,3606,4331,2646,5591,819,1870,1313,10269,5781,4489,8657,9282,2098,7352,6462,6620,9576,679,1044,1658,7749,3969,4760,3742,1561,411,2819,1024,4995,13448,311,11740,3110,151,8482,9476,1266,6369,6221,4168,8772,1784,3133,1518,9496,700,7149Romania,7446,1116,1492,12167,5021,2907,941,2487,3756,17431,3397,12009,4839,5119,779,639,1884,1977,7124,1778,1757,317,249.4116087,7682,1174,3057,8613,877,8958,9922,10801,1640,2564,4185,4771,11164,1104,9534,15116,2375,12979,1776,7749,1598,963,3010,1672,1460,7987,8515,1151,8006,1808,1535,9728,1292,1567,6687,11024,1625,8939,452,2087,702,1477,3644,4043,2553,5724,823,2150,1617,10460,5542,4773,8417,9477,1991,7566,6225,6809,9298,813,744,1675,7807,4076,4930,3695,1348,626,3088,1341,5297,13166,613,11974,3018,441,8247,9613,1012,6570,6394,3887,8982,1574,3279,1504,9595,390,7397South.Africa,13011,8798,8187,8204,4523,5810,8020,7958,6256,11886,6140,7999,7893,2822,7146,8067,8533,9493,11562,9460,9394,7478,7682,564.0148403,6697,6135,8477,8209,13447,7915,12726,8598,9303,8006,4388,11693,8455,9845,10876,7115,9285,8680,8886,7437,8596,8031,9354,6506,12375,11458,7526,12989,8868,6379,8562,8691,9032,6552,14601,6128,8595,7726,8897,7025,8951,4775,9064,6365,2413,8198,7297,7059,11478,8416,3617,9360,11004,6673,261,8570,929,10920,7895,8350,6295,3056,3948,2825,10804,9028,7640,7458,6920,6599,12394,7403,10935,6192,7486,9196,12321,8685,1113,1442,8847,10468,7424,4483,6513,13049,8009,1187Cyprus,8585,2203,2500,12229,4759,1782,1997,3284,2773,16595,2375,12046,4204,4023,456,1783,2930,3145,7105,2845,2895,1169,1174,6697,49.12963224,2014,7845,2013,9112,10164,11760,2741,3680,3634,4448,11970,2258,8926,14272,1650,13182,2876,7104,1157,2123,3777,2745,293,8034,8300,1924,9119,2942,363,8907,2460,2741,5731,12143,588,8170,1488,3188,924,2255,2470,3842,1533,4610,1966,2734,2093,11275,4973,4202,7808,10285,1037,6609,5633,5795,8902,1844,1686,501,6634,2942,3888,4869,2444,1559,3679,1698,5569,12756,1358,12606,1987,1287,7621,10583,2056,5587,5347,3640,9742,1129,2220,352,10641,1383,6563Qatar,10479,3817,4494,13289,5883,474,3967,5291,784,14584,366,13081,2598,3331,2289,3696,4915,4870,6166,4337,4529,3144,3057,6135,2014,55.04130937,5928,3934,8290,11591,13773,4694,5621,2265,5522,13916,4154,7126,12271,1065,14380,4830,5315,1725,3881,5774,4261,1741,7123,6986,3938,11059,4863,1752,6943,4322,4543,3723,14068,2019,6247,3451,5142,2937,3469,1377,3053,504,3738,3879,4704,4061,13235,3390,4919,6034,12248,1071,6139,3970,5214,7328,3821,3257,1615,5107,2265,3472,6644,4038,3551,5622,3663,7228,11038,3366,14391,60,3277,5836,12597,3639,5133,4693,2824,11682,1731,2254,1669,12640,3099,6432Malaysia,14623,8831,10093,15990,11242,6319,9542,11078,5145,8826,5567,15857,3794,7216,7974,9188,10441,9771,4275,8983,9352,8815,8613,8477,7845,5928,293.8024393,9405,5302,16387,18419,10139,10918,4477,10885,19663,9542,1451,6503,6265,16571,10265,1126,7015,9088,11591,8974,7610,4583,3248,9697,15350,10203,7649,1158,9612,9673,2442,16621,7945,326,9063,10538,8745,8103,6431,5063,6347,6990,9343,10579,9938,19031,3189,10002,1023,18084,6809,8691,2533,8058,2451,9424,8410,7523,5438,6986,7689,11239,8951,9218,11523,9542,13040,5232,9097,18992,5937,8966,960,17661,8671,8286,7708,5103,17584,7040,7662,7533,17061,8461,9562Austria,6577,927,713,11749,5016,3776,264,1819,4629,18139,4274,11610,5613,5800,1652,238,1039,1286,7529,1442,1229,859,877,8209,2013,3934,9405,147.9446514,9204,9429,9944,767,1687,4939,4824,10358,259,10245,15896,3221,12456,903,8494,2425,564,2332,1342,2305,8329,9018,823,7130,933,2364,10536,492,827,7549,10150,2375,9730,542,1211,1261,1661,4464,4644,3431,6418,62,1718,1417,9653,6279,5015,9140,8679,2868,8066,6963,7380,9897,327,1055,2510,8607,4815,5555,2884,1044,573,2546,1361,4887,13712,819,11237,3896,782,8979,8755,977,7112,7005,4516,8208,2403,3958,2357,8721,944,7783Japan,10382,8279,9807,18323,13870,8752,9463,10857,7804,9180,8096,18536,5874,11247,8871,9132,9846,8540,2125,7895,8257,9275,8958,13447,9112,8290,5302,9204,314.0484947,17659,13189,9534,9682,6034,13557,14437,9132,4268,7850,7727,17197,9580,4633,7959,8645,11271,7969,9082,1173,2070,9970,10960,9383,9205,5725,9012,8805,6901,11320,9604,5306,9289,9654,9560,7572,9549,5354,8355,11343,9161,10922,10534,14337,5199,13160,4299,14250,8410,13604,4921,12770,2999,9459,8284,9176,10588,10426,11567,8872,8200,9481,11670,10298,14043,4965,9561,15502,8251,9391,4423,12951,8235,12876,12293,5578,14454,7987,10537,9022,12154,8588,14299Brazil,7282,10298,8742,2370,5721,11123,9197,7628,12273,12388,11887,2277,14187,9381,10259,9566,8583,9765,16911,10513,10119,9625,9922,7915,10164,11591,16387,9429,17659,1490.680631,4891,8916,8536,13745,6087,3780,9426,17741,14157,11778,3057,8837,16567,11282,9942,7140,10463,10293,17504,18437,8789,6722,9001,10199,16343,9484,9608,14195,6816,9814,16508,9511,8686,9470,11079,10622,13946,11345,9505,9484,7783,8313,3651,14981,6812,17185,3512,11089,7697,15536,8341,18779,9247,10462,10276,10965,9872,8948,9067,10308,9317,6887,8640,4635,16853,9315,3185,11610,9485,16995,4870,10391,8128,8715,13768,3233,11253,9434,10366,5680,10234,6827Costa.Rica,4009,10345,9317,5593,9286,13477,9862,8483,14529,11648,14135,5720,15328,13411,11528,10177,8918,9323,14149,10064,9733,10661,10801,12726,11760,13773,18419,9944,13189,4891,115.473704,9179,8303,14638,9613,1272,9761,17368,13950,13165,4993,9044,17386,12363,10150,8010,10094,12032,13845,15211,9837,3282,9059,12027,18715,9644,9511,17485,1925,11810,18490,10373,8744,10836,10992,13670,13813,13291,13777,10004,9097,9733,1251,15729,10561,17402,1878,12757,12489,16281,12983,16149,10000,10836,12170,15768,13337,12915,7688,10184,10250,8223,10127,7238,14363,10418,2571,13747,10520,17459,1189,10519,12706,13241,13826,2497,12343,12512,12104,1476,10866,11574Luxembourg,5845,1404,415,11271,4999,4518,747,1325,5395,18694,5036,11149,6345,6355,2406,1003,336,1078,8005,1640,1281,1573,1640,8598,2741,4694,10139,767,9534,8916,9179,25.99695778,939,5664,4863,9616,597,10925,16601,3986,11894,136,9202,3186,1079,1780,1572,3034,8747,9552,1087,6381,270,3080,11278,574,730,8315,9404,3041,10463,1254,449,1907,2195,5156,5287,4191,6980,826,1540,1551,8912,6989,5210,9831,7945,3630,8432,7671,7817,10497,902,1734,3229,9258,5432,6066,2283,1391,1198,2137,1689,4509,14236,1433,10535,4656,1461,9677,7989,1529,7527,7483,5177,7490,3166,4538,3091,7955,1694,8049Ireland,4907,2087,1247,10905,5365,5456,1686,1457,6309,18666,5959,10809,7140,7213,3338,1925,822,1246,8379,2038,1639,2511,2564,9303,3680,5621,10918,1687,9682,8536,8303,939,135.4217817,6448,5295,8819,1473,11584,17231,4872,11397,806,9930,4067,1851,1677,2015,3973,9028,9988,1946,5445,762,4019,12070,1341,1245,9204,8467,3971,11237,2192,496,2838,2831,6088,5944,5117,7838,1742,2019,2279,8120,7737,5787,10522,7175,4554,9117,8409,8574,11022,1840,2539,4167,10167,6332,6894,1502,1977,2134,2215,2512,4441,14573,2364,9821,5582,2400,10382,7116,2249,8267,8277,5862,6764,4048,5422,4029,7043,2570,8643Pakistan,10733,4363,5638,15554,8099,2735,5092,6673,1806,13248,2063,15346,696,5358,3637,4730,5970,5341,3910,4580,4925,4422,4185,8006,3634,2265,4477,4939,6034,13745,14638,5664,6448,455.7812538,7745,15267,5067,5355,10957,1987,16637,5789,3564,2617,4611,7195,4556,3472,4865,4770,5314,11431,5726,3557,5624,5134,5206,3082,14098,3935,4800,4638,6061,4442,3664,3528,1162,2417,5617,4878,6269,5655,14566,1360,7182,4235,13607,2661,8067,2040,7138,5271,4985,3933,3472,6125,4419,5602,6950,4496,4807,7227,5280,9199,9123,4722,16159,2231,4573,4062,13484,4199,7132,6614,1009,13147,2645,4519,3396,13226,3998,8514Nigeria,8665,5696,4467,7860,367,5049,4568,3842,6186,16024,5805,7664,8118,3799,4715,4800,4672,5928,11512,6265,6020,4462,4771,4388,4448,5522,10885,4824,13557,6087,9613,4863,5295,7745,490.969568,9098,4996,12294,15251,5878,8899,4894,10620,5597,5365,3775,6165,4477,12458,12505,4002,8744,5112,4357,11557,5196,5508,8445,11074,3956,11149,4545,5009,4101,6244,4563,8232,5329,4214,4844,3338,3411,8569,8906,963,11322,7739,5182,4150,9450,3980,12777,4508,5505,4393,6604,3905,3303,6744,5857,4376,3184,3503,2445,16024,4223,9098,5545,4379,11117,8758,5674,3633,3967,8015,7117,5570,3352,4538,9296,5160,3463Ecuador,5042,10905,9678,4321,8746,13542,10230,8715,14700,11392,14281,4448,15956,12816,11821,10578,9320,9951,15399,10733,10369,10972,11164,11693,11970,13916,19663,10358,14437,3780,1272,9616,8819,15267,9098,258.6462872,10213,18456,13723,13525,3767,9488,18541,12762,10657,8206,10746,12213,15118,16476,10097,4314,9543,12180,19111,10135,10062,17505,3122,11898,19717,10716,9210,11061,11623,13491,14639,13483,13076,10419,9237,9879,705,16529,10001,18673,1690,13004,11472,17172,12070,17346,10352,11339,12310,14744,12979,12335,8457,10779,10566,8301,10277,6883,14834,10696,1349,13904,10823,18715,2005,11068,11828,12398,14607,2234,12738,12268,12290,2604,11301,10586Czech.Republic,6342,875,687,11763,5174,4011,446,1798,4836,18183,4489,11631,5748,6058,1883,476,911,1039,7513,1288,1027,1114,1104,8455,2258,4154,9542,259,9132,9426,9761,597,1473,5067,4996,10213,143.4592537,10339,16010,3405,12432,725,8608,2602,517,2294,1196,2550,8289,9030,1003,6905,711,2612,10681,237,577,7738,9921,2632,9866,800,1017,1520,1654,4716,4711,3650,6677,295,1803,1585,9509,6394,5223,9241,8542,3085,8309,7076,7630,9943,560,1140,2757,8863,5074,5812,2628,933,829,2567,1576,4931,13724,1075,11128,4114,1041,9085,8572,970,7360,7259,4594,8085,2582,4217,2599,8516,1105,8009Brunei,14371,9542,10956,16646,12655,7551,10421,12019,6358,7910,6778,16582,4731,8663,8982,10050,11249,10361,3849,9559,9952,9776,9534,9845,8926,7126,1451,10245,4268,17741,17368,10925,11584,5355,12294,18456,10339,38.80257557,5681,7288,16782,11038,1823,7971,9846,12543,9573,8720,3831,2398,10669,15040,10936,8779,1458,10363,10358,3858,15443,9110,1262,9985,11276,9781,8767,7781,5648,7496,8441,10184,11618,10995,18589,3995,11430,1121,18375,7900,10070,3315,9478,1269,10323,9202,8665,6790,8389,9133,11580,9617,10158,12576,10611,14341,3919,10076,18472,7126,9928,1305,17202,9401,9718,9145,5749,18260,7998,9015,8643,16417,9320,10960Australia,16084,15223,16593,11806,15398,12577,16043,17555,11501,2334,11905,11883,10287,11946,14456,15685,16920,15986,8901,15193,15592,15310,15116,10876,14272,12271,6503,15896,7850,14157,13950,16601,17231,10957,15251,13723,16010,5681,1421.272496,12756,11374,16717,7403,13518,15524,18044,15219,14009,8333,7272,16178,15923,16616,14022,5392,16044,16031,8548,13164,14244,6177,15566,16956,15194,14444,12302,11327,12740,11384,15834,16957,16322,14426,9618,14384,6770,15411,13251,11122,8935,11289,6212,15927,14870,13881,8871,12435,12399,16722,15290,15716,17788,15927,17317,2893,15581,12868,12293,15458,6925,15104,15082,11635,11369,11429,15901,13542,13349,13936,14889,14955,11893Iran,9611,2915,3867,13737,6218,1306,3316,4813,1501,15087,1262,13541,2558,4293,1710,2989,4252,3977,5641,3368,3605,2554,2375,7115,1650,1065,6265,3221,7727,11778,13165,3986,4872,1987,5878,13525,3405,7288,12756,674.8216814,14750,4120,5471,807,3047,5327,3303,1488,6594,6708,3432,10233,4112,1579,7364,3535,3706,4332,13193,1968,6591,2817,4422,2497,2463,2345,2373,752,4749,3161,4338,3708,12823,3323,5438,6168,11836,698,7099,3986,6187,7258,3186,2376,1508,6159,3178,4365,5739,3117,2960,5294,3323,7212,11105,2832,14242,1006,2703,5984,11975,2735,6075,5674,2149,11320,825,2913,1413,11907,2302,7305Chile,8725,13294,11756,1131,8549,13907,12232,10640,14943,9390,14616,1346,16903,11559,13304,12604,11558,12643,19083,13428,13027,12683,12979,9285,13182,14380,16571,12456,17197,3057,4993,11894,11397,16637,8899,3767,12432,16782,11374,14750,444.1821655,11802,17610,14318,12948,10137,13392,13285,18337,18509,11842,8015,11947,13181,15651,12467,12552,15732,6577,12786,16399,12564,11618,12522,14083,13199,16999,14227,11461,12512,10836,11371,4207,17607,9461,17512,4805,14052,9149,17854,10013,17586,12290,13500,13244,11952,12342,11226,11606,13277,12371,9926,11696,7691,13836,12373,2425,14410,12542,17517,5711,13401,9924,10502,16813,4958,14289,12131,13356,6368,13285,8499Belgium,5712,1505,495,11195,5020,4653,880,1278,5531,18757,5173,11077,6472,6465,2542,1139,266,1081,8080,1697,1323,1707,1776,8680,2876,4830,10265,903,9580,8837,9044,136,806,5789,4894,9488,725,11038,16717,4120,11802,89.25571821,9322,3320,1193,1711,1635,3169,8811,9637,1190,6246,219,3214,11405,676,781,8450,9269,3170,10588,1389,313,2036,2294,5285,5396,4327,7091,961,1559,1623,8785,7111,5266,9947,7819,3766,8511,7791,7908,10594,1034,1857,3362,9381,5552,6170,2177,1476,1329,2098,1786,4463,14314,1561,10416,4792,1594,9795,7855,1638,7615,7581,5289,7369,3299,4654,3225,7819,1826,8111Thailand,13500,7852,9198,16855,10986,5749,8654,10236,4556,9684,4973,16689,2920,7186,7171,8289,9517,8747,3283,7950,8330,7979,7749,8886,7104,5315,1126,8494,4633,16567,17386,9202,9930,3564,10620,18541,8608,1823,7403,5471,17610,9322,365.9166052,6170,8132,10758,7949,6897,3744,2582,8871,14227,9240,6956,2236,8655,8686,2392,15791,7289,1388,8201,9579,7966,7099,6060,4009,5675,7078,8432,9807,9179,17944,2215,9816,720,17085,6077,9072,1532,8329,2216,8548,7468,6843,5955,6744,7622,10152,7953,8369,10764,8792,12542,5723,8275,19707,5313,8131,521,16536,7700,8508,7914,4072,16689,6196,7286,6819,15962,7557,9874Georgia,8818,2122,3086,13383,5913,1790,2534,4072,2287,15838,1998,13201,3252,4639,1033,2196,3460,3185,5949,2614,2823,1810,1598,7437,1157,1725,7015,2425,7959,11282,12363,3186,4067,2617,5597,12762,2602,7971,13518,807,14318,3320,6170,134.8618261,2241,4592,2540,1137,6877,7171,2702,9433,3307,1268,8130,2729,2901,5137,12406,1658,7341,2048,3619,1837,1751,2783,2692,1263,5159,2364,3652,3045,12058,3977,5300,6850,11076,785,7387,4656,6510,7833,2411,1575,1275,6810,3506,4621,4954,2333,2205,4610,2679,6659,11708,2106,13549,1672,1962,6674,11174,1942,6353,6020,2496,10577,29,3020,1087,11101,1497,7471Poland,6599,367,1201,12276,5567,3794,827,2314,4518,17667,4197,12143,5299,6077,1695,572,1409,1023,6999,916,803,1119,963,8596,2123,3881,9088,564,8645,9942,10150,1079,1851,4611,5365,10657,517,9846,15524,3047,12948,1193,8132,2241,285.6424165,2811,810,2401,7784,8513,1377,7197,1114,2486,10235,524,663,7368,10190,2587,9410,885,1450,1572,1138,4588,4208,3380,6684,530,2277,1971,9956,5923,5513,8755,8998,2815,8468,6602,7739,9429,860,688,2621,8755,5039,5875,2778,492,1014,3076,1874,5432,13207,1221,11608,3836,1115,8602,8964,454,7489,7337,4098,8557,2225,4234,2437,8861,786,8238Portugal,5419,3161,1623,9491,3789,5468,2133,523,6545,19527,6139,9369,7843,6402,3617,2507,1449,2731,9784,3407,3027,2782,3010,8031,3777,5774,11591,2332,11271,7140,8010,1780,1677,7195,3775,8206,2294,12543,18044,5327,10137,1711,10758,4592,2811,155.1304237,3345,4036,10521,11322,1895,5759,1895,4022,12677,2344,2491,9497,8681,3804,11918,2558,1618,2859,3948,5792,6975,5307,7005,2391,1100,1725,7507,8552,4418,11427,6517,4804,7816,9235,7423,12229,2222,3387,4163,9493,5756,5995,3000,3169,2389,591,2118,2791,16013,2495,8964,5752,2631,11257,6849,3264,7090,7223,6843,5994,4566,4823,4110,7014,3230,7220Estonia,6331,556,1844,12826,6357,4260,1601,2896,4803,17124,4536,12710,5251,6761,2291,1382,1896,798,6450,108,381,1890,1672,9354,2745,4261,8974,1342,7969,10463,10094,1572,2015,4556,6165,10746,1196,9573,15219,3303,13392,1635,7949,2540,810,3345,108.6390454,2995,7176,8024,2165,6981,1462,3100,10131,1045,856,7497,9897,3267,9286,1687,1780,2340,898,5147,3945,3781,7354,1320,2995,2758,10058,5786,6322,8521,9140,3239,9235,6445,8480,9021,1658,1067,3221,9290,5686,6594,2456,329,1824,3702,2682,6076,12684,2025,11810,4209,1907,8387,8930,688,8242,8059,3879,8758,2532,4934,3016,8725,1367,9035Lebanon,8878,2461,2790,12305,4801,1492,2290,3550,2509,16325,2105,12116,4015,3794,710,2074,3221,3424,7045,3093,3162,1462,1460,6506,293,1741,7610,2305,9082,10293,12032,3034,3973,3472,4477,12213,2550,8720,14009,1488,13285,3169,6897,1137,2401,4036,2995,52.21926949,7984,8185,2202,9411,3235,136,8659,2750,3026,5463,12435,523,7933,1781,3481,1200,2451,2188,3767,1273,4371,2258,2978,2335,11522,4794,4164,7605,10532,823,6428,5445,5595,8742,2137,1930,225,6354,2696,3686,5155,2702,1850,3914,1937,5729,12577,1645,12812,1717,1579,7416,10858,2308,5400,5136,3557,9982,1112,2024,78,10927,1646,6424South.Korea,10568,7418,8975,19402,12785,7588,8579,10066,6631,9948,6925,19565,4704,10085,7825,8230,9073,7823,959,7114,7498,8301,7987,12375,8034,7123,4583,8329,1173,17504,13845,8747,9028,4865,12458,15118,8289,3831,8333,6594,18337,8811,3744,6877,7784,10521,7176,7984,161.7632298,1433,9054,11218,8629,8102,5227,8197,8030,5876,12073,8503,4656,8349,8926,8549,6671,8376,4228,7204,10202,8281,10037,9593,14873,4042,12012,3560,14567,7285,12515,3808,11655,2624,8557,7353,8065,9631,9253,10398,8437,7371,8545,10856,9324,13215,5545,8598,16333,7086,8426,3641,13393,7352,11742,11165,4447,14627,6905,9374,7921,12638,7632,13167Taiwan,11992,8161,9711,18999,12863,7459,9247,10827,6355,9156,6716,18972,4397,9530,8189,8877,9887,8746,1645,7980,8378,8812,8515,11458,8300,6986,3248,9018,2070,18437,15211,9552,9988,4770,12505,16476,9030,2398,7272,6708,18509,9637,2582,7171,8513,11322,8024,8185,1433,96.76471445,9649,12648,9482,8284,3803,8981,8874,4917,13374,8675,3280,8927,9804,8973,7376,8068,4496,7187,9520,8963,10655,10125,16289,3623,11870,2235,15996,7403,11636,3163,10858,1217,9194,7980,8215,8534,8880,9916,9610,8162,9120,11556,9800,13805,4695,9122,17568,6961,8953,2353,14822,8062,11009,10415,4678,16026,7200,9203,8113,14058,8204,12406Italy,6793,1728,703,11064,4193,3683,566,1382,4693,18511,4299,10914,5953,5277,1725,841,1127,2007,8219,2264,2029,893,1151,7526,1924,3938,9697,823,9970,8789,9837,1087,1946,5314,4002,10097,1003,10669,16178,3432,11842,1190,8871,2702,1377,1895,2165,2202,9054,9649,280.4148693,7273,1354,2213,10790,1220,1554,7652,10287,2082,10024,722,1464,1002,2399,4190,5191,3454,5903,849,1006,595,9396,6674,4224,9549,8407,2929,7368,7355,6734,10449,520,1701,2360,8223,4386,4980,3367,1865,530,1937,607,4183,14313,600,10848,3911,741,9375,8659,1744,6448,6396,5037,7888,2676,3476,2271,8731,1445,7027USA,731,7320,6629,8318,8540,10899,7122,6105,11715,14058,11388,8382,12106,12116,8782,7368,6194,6260,11236,6934,6647,7952,8006,12989,9119,11059,15350,7130,10960,6722,3282,6381,5445,11431,8744,4314,6905,15040,15923,10233,8015,6246,14227,9433,7197,5759,6981,9411,11218,12648,7273,1601.705842,6198,9449,16337,6739,6535,14469,3024,9355,15572,7635,5932,8244,7873,11457,10540,10554,12691,7183,6824,7377,3808,12451,9657,14478,3349,9988,12730,13000,12721,13834,7275,7858,9598,15205,11513,11674,4526,7126,7562,6187,7727,6400,14497,7777,5651,11017,7833,14454,2315,7500,12375,12690,10566,3494,9418,10577,9470,1813,7970,11858Netherlands,5645,1394,684,11364,5239,4709,971,1482,5547,18564,5199,11249,6413,6613,2584,1170,474,866,7912,1517,1132,1777,1808,8868,2942,4863,10203,933,9383,9001,9059,270,762,5726,5112,9543,711,10936,16616,4112,11947,219,9240,3307,1114,1895,1462,3235,8629,9482,1354,6198,104.1132235,3288,11349,592,608,8444,9217,3270,10524,1456,340,2137,2173,5377,5288,4359,7237,985,1778,1820,8842,7034,5475,9854,7884,3794,8702,7712,8087,10457,1125,1797,3435,9497,5678,6329,2024,1334,1424,2304,1958,4663,14146,1665,10503,4823,1677,9705,7871,1540,7797,7750,5190,7449,3288,4790,3288,7805,1810,8316Israel,8926,2562,2821,12193,4683,1470,2334,3544,2529,16327,2118,12003,4086,3677,809,2136,3255,3508,7161,3200,3256,1511,1535,6379,363,1752,7649,2364,9205,10199,12027,3080,4019,3557,4357,12180,2612,8779,14022,1579,13181,3214,6956,1268,2486,4022,3100,136,8102,8284,2213,9449,3288,75.88812338,8687,2818,3102,5474,12472,401,7972,1832,3525,1214,2575,2109,3881,1303,4259,2319,2953,2310,11492,4869,4032,7667,10503,897,6299,5515,5470,8824,2179,2038,149,6272,2586,3561,5228,2803,1888,3879,1912,5650,12648,1673,12753,1733,1620,7475,10857,2412,5271,5013,3669,9947,1243,1896,183,10944,1743,6290Indonesia,15629,9983,11215,15291,11897,7303,10663,12171,6161,7725,6577,15200,4936,7779,9066,10316,11574,10928,5110,10141,10509,9918,9728,8562,8907,6943,1158,10536,5725,16343,18715,11278,12070,5624,11557,19111,10681,1458,5392,7364,15651,11405,2236,8130,10235,12677,10131,8659,5227,3803,10790,16337,11349,8687,706.147051,10757,10826,3284,16820,8958,853,10176,11683,9820,9259,7285,6218,7387,7453,10475,11637,10994,19815,4346,10626,1867,19190,7875,8800,3690,8303,2726,10541,9553,8554,5522,7732,8271,12385,10106,10324,12565,10595,13860,4472,10191,17952,6958,10066,1913,18615,9821,8576,8032,6260,18604,8154,8493,8583,17861,9593,9716Germany,6162,831,799,11834,5365,4196,676,1870,4986,18132,4649,11708,5822,6291,2069,689,909,803,7441,1128,826,1333,1292,8691,2460,4322,9612,492,9012,9484,9644,574,1341,5134,5196,10135,237,10363,16044,3535,12467,676,8655,2729,524,2344,1045,2750,8197,8981,1220,6739,592,2818,10757,305.3780159,342,7865,9748,2853,9933,1026,927,1750,1621,4926,4720,3818,6909,519,1958,1792,9433,6447,5445,9275,8474,3251,8544,7126,7867,9923,796,1205,2961,9079,5300,6047,2412,827,1064,2665,1804,5038,13668,1310,11085,4279,1269,9124,8456,962,7596,7495,4615,8034,2710,4448,2796,8374,1237,8238Denmark,5936,844,1060,11970,5667,4446,1017,2052,5181,17976,4860,11854,5899,6617,2331,1004,1044,462,7306,916,552,1645,1567,9032,2741,4543,9673,827,8805,9608,9511,730,1245,5206,5508,10062,577,10358,16031,3706,12552,781,8686,2901,663,2491,856,3026,8030,8874,1554,6535,608,3102,10826,342,105.8309323,8018,9527,3161,9992,1348,935,2074,1592,5211,4711,4042,7233,847,2230,2115,9364,6492,5777,9286,8420,3476,8885,7164,8206,9855,1137,1333,3242,9373,5614,6380,2131,741,1400,2867,2143,5238,13540,1644,11062,4499,1593,9142,8329,1011,7937,7831,4622,8005,2885,4773,3068,8207,1445,8577Sri.Lanka,13789,7197,8168,14719,8803,4046,7624,9013,2959,10864,3358,14523,2455,4836,5957,7314,8570,8242,5176,7540,7842,6824,6687,6552,5731,3723,2442,7549,6901,14195,17485,8315,9204,3082,8445,17505,7738,3858,8548,4332,15732,8450,2392,5137,7368,9497,7497,5463,5876,4917,7652,14469,8444,5474,3284,7865,8018,130.8451609,17156,5713,2720,7113,8753,6655,6601,4014,4113,4198,4692,7489,8421,7780,16879,2403,7572,2995,15916,4728,6722,2206,5948,4583,7486,6686,5335,3782,4544,5293,9946,7374,7235,9322,7383,10622,7663,7068,17378,3746,6965,2801,16298,7020,6118,5524,4031,15320,5157,5237,5390,16217,6635,7496Mexico,3591,10284,9652,7341,10786,13922,10146,9071,14692,11086,14387,7492,14703,14797,11801,10387,9217,9221,12518,9838,9589,10975,11024,14601,12143,14068,16621,10150,11320,6816,1925,9404,8467,14098,11074,3122,9921,15443,13164,13193,6577,9269,15791,12406,10190,8681,9897,12435,12073,13374,10287,3024,9217,12472,16820,9748,9527,17156,715.9544598,12368,16612,10658,8956,11265,10766,14453,13043,13565,15281,10202,9772,10355,3169,14803,12037,15607,3605,12998,14356,15156,14756,14240,10298,10834,12621,17581,14405,14312,7454,10077,10586,9042,10718,8630,12787,10800,4261,14025,10857,15708,2354,10464,14451,14937,13130,4167,12393,13487,12493,1788,10971,13429Egypt,8864,2715,2739,11793,4283,1669,2300,3350,2802,16511,2382,11603,4445,3498,1020,2164,3177,3591,7561,3371,3381,1520,1625,6128,588,2019,7945,2375,9604,9814,11810,3041,3971,3935,3956,11898,2632,9110,14244,1968,12786,3170,7289,1658,2587,3804,3267,523,8503,8675,2082,9355,3270,401,8958,2853,3161,5713,12368,511.1958062,8265,1833,3475,1134,2832,2118,4282,1614,4099,2338,2714,2080,11218,5233,3647,8004,10233,1275,6033,5869,5232,9194,2145,2229,463,6233,2455,3332,5259,2955,1846,3611,1689,5288,12999,1609,12418,2008,1597,7810,10654,2582,5015,4796,4069,9664,1632,1667,582,10786,1901,5975Singapore,14850,9150,10419,15901,11503,6633,9867,11404,5463,8499,5885,15782,4118,7449,8300,9514,10766,10083,4417,9293,9665,9142,8939,8595,8170,6247,326,9730,5306,16508,18490,10463,11237,4800,11149,19717,9866,1262,6177,6591,16399,10588,1388,7341,9410,11918,9286,7933,4656,3280,10024,15572,10524,7972,853,9933,9992,2720,16612,8265,13.697367,9390,10860,9071,8418,6724,5366,6669,7199,9668,10904,10263,19331,3503,10254,1126,18407,7134,8816,2841,8216,2378,9750,8732,7844,5543,7259,7927,11532,9267,9544,11846,9866,13335,4944,9423,18779,6257,9292,1120,17886,8991,8456,7885,5411,17910,7366,7952,7856,17232,8786,9701Serbia,7097,1167,1056,11780,4771,3264,517,2035,4170,17883,3799,11628,5291,5269,1163,346,1465,1797,7505,1794,1670,321,452,7726,1488,3451,9063,542,9289,9511,10373,1254,2192,4638,4545,10716,800,9985,15566,2817,12564,1389,8201,2048,885,2558,1687,1781,8349,8927,722,7635,1456,1832,10176,1026,1348,7113,10658,1833,9390,151.8450016,1702,726,1730,3926,4472,2950,5886,507,1728,1247,10012,5993,4641,8869,9028,2396,7592,6676,6880,9733,373,1005,1979,8065,4275,5037,3427,1360,196,2652,1045,4900,13593,338,11522,3415,245,8699,9185,1129,6622,6493,4321,8530,2024,3425,1837,9190,725,7353United.Kingdom,5401,1734,761,11052,5112,4966,1192,1258,5840,18817,5484,10942,6747,6740,2855,1449,365,1114,8225,1827,1433,2020,2087,8897,3188,5142,10538,1211,9654,8686,8744,449,496,6061,5009,9210,1017,11276,16956,4422,11618,313,9579,3619,1450,1618,1780,3481,8926,9804,1464,5932,340,3525,11683,927,935,8753,8956,3475,10860,1702,252.1274914,2342,2512,5592,5628,4639,7366,1268,1678,1842,8507,7373,5434,10194,7548,4077,8721,8051,8144,10790,1346,2130,3674,9677,5844,6432,1923,1670,1639,2074,2044,4405,14456,1868,10163,5104,1906,10045,7555,1880,7845,7831,5530,7109,3599,4939,3538,7510,2122,8288Greece,7738,1791,1616,11647,4365,2684,1166,2361,3697,17519,3299,11478,5050,4543,806,1071,2053,2522,7658,2448,2372,453,702,7025,924,2937,8745,1261,9560,9470,10836,1907,2838,4442,4101,11061,1520,9781,15194,2497,12522,2036,7966,1837,1572,2859,2340,1200,8549,8973,1002,8244,2137,1214,9820,1750,2074,6655,11265,1134,9071,726,2342,185.5640319,2170,3250,4477,2457,5160,1231,1842,1215,10364,5798,4073,8660,9374,1945,6900,6470,6169,9670,1012,1445,1363,7361,3555,4315,4138,2012,713,2798,842,4837,13545,475,11748,2911,481,8478,9659,1704,5917,5773,4298,8840,1809,2699,1269,9730,1085,6704Russia,7215,791,2337,13408,6486,3530,1909,3452,3956,16530,3718,13271,4360,6236,1812,1563,2530,1677,5869,939,1261,1782,1477,8951,2255,3469,8103,1661,7572,11079,10992,2195,2831,3664,6244,11623,1654,8767,14444,2463,14083,2294,7099,1751,1138,3948,898,2451,6671,7376,2399,7873,2173,2575,9259,1621,1592,6601,10766,2832,8418,1730,2512,2170,2112.265366,4486,3119,3014,6799,1611,3367,2967,10931,4915,6239,7694,9999,2507,8864,5583,8044,8302,1890,739,2668,8560,5122,6135,3347,854,1918,4204,2769,6546,12070,2031,12652,3414,1869,7551,9825,688,7841,7586,3031,9595,1749,4469,2451,9622,1088,8786Yemen,10981,4631,4857,12080,4930,1040,4410,5385,1747,14465,1472,11867,3705,1959,2894,4241,5294,5611,7429,5239,5340,3606,3644,4775,2470,1377,6431,4464,9549,10622,13670,5156,6088,3528,4563,13491,4716,7781,12302,2345,13199,5285,6060,2783,4588,5792,5147,2188,8376,8068,4190,11457,5377,2109,7285,4926,5211,4014,14453,2118